Rushing Defense
Through Games 12/05/2015
  Rank Name                           G W-L            Opp Rush     Opp Rush Yds    Yds/Rush     Opp Rush TDs         YPG 
     1 Alabama                       13 12-1                404              962        2.38                6        74.0 
     2 Boston College                12 3-9                 416              994        2.39                6        82.8 
     3 Akron                         12 7-5                 381             1077        2.83               12        89.8 
     4 Wisconsin                     12 9-3                 368             1175        3.19               11        97.9 
     5 San Diego St.                 13 10-3                450             1445        3.21               13       111.2 
     6 Utah                          12 9-3                 405             1341        3.31                9       111.8 
     7 Michigan St.                  13 12-1                414             1470        3.55               14       113.1 
     8 Nebraska                      12 5-7                 363             1361        3.75               17       113.4 
     9 Louisiana Tech                12 8-4                 401             1374        3.43               11       114.5 
    10 Iowa                          13 12-1                435             1494        3.43               10       114.9 
    11 Toledo                        11 9-2                 380             1271        3.34               10       115.5 
    12 Houston                       13 12-1                457             1508        3.30               15       116.0 
    13 Boise St.                     12 8-4                 410             1412        3.44               14       117.7 
    14 Northwestern                  12 10-2                410             1414        3.45               16       117.8 
    15 Louisville                    12 7-5                 438             1425        3.25               10       118.8 
    16 Arkansas                      12 7-5                 381             1435        3.77               24       119.6 
    17 Florida                       13 10-3                462             1568        3.39               10       120.6 
    18 Michigan                      12 9-3                 410             1471        3.59               12       122.6 
    19 Arizona St.                   12 6-6                 417             1493        3.58               16       124.4 
    20 Pittsburgh                    12 8-4                 373             1513        4.06               13       126.1 
    21 Temple                        13 10-3                437             1640        3.75               14       126.2 
    22 Ohio St.                      12 11-1                456             1528        3.35                8       127.3 
    23 Clemson                       13 13-0                452             1674        3.70               14       128.8 
    24 LSU                           11 8-3                 361             1446        4.01               14       131.5 
    25 Ga. Southern                  12 8-4                 409             1586        3.88               12       132.2 
    26 Ole Miss                      12 9-3                 466             1589        3.41                7       132.4 
    27 Missouri                      12 5-7                 484             1593        3.29               11       132.8 
    28 Appalachian St.               12 10-2                461             1603        3.48               14       133.6 
    29 Washington                    12 6-6                 465             1607        3.46               13       133.9 
    30 Central Mich.                 12 7-5                 414             1652        3.99               16       137.7 
    31 Memphis                       12 9-3                 485             1653        3.41               21       137.8 
    32 Navy                          11 9-2                 387             1524        3.94               15       138.5 
    33 South Fla.                    12 8-4                 464             1687        3.64               16       140.6 
    34 Southern Miss.                13 9-4                 462             1830        3.96               12       140.8 
    35 Middle Tenn.                  12 7-5                 443             1696        3.83               14       141.3 
    36 Florida St.                   12 10-2                440             1702        3.87                7       141.8 
    37 Vanderbilt                    12 4-8                 427             1718        4.02               12       143.2 
    38 Duke                          12 7-5                 506             1721        3.40               15       143.4 
    39 Kent St.                      12 3-9                 494             1727        3.50               15       143.9 
    40 North Carolina St.            12 7-5                 409             1728        4.22               15       144.0 
    41 Arkansas St.                  12 9-3                 418             1740        4.16               19       145.0 
    42 BYU                           12 9-3                 464             1744        3.76               19       145.3 
    43 Air Force                     13 8-5                 449             1907        4.25               19       146.7 
    44 Stanford                      13 11-2                415             1910        4.60               16       146.9 
    45 Southern California           13 8-5                 481             1913        3.98               16       147.2 
    46 Oklahoma                      12 11-1                494             1790        3.62               12       149.2 
    47 Penn St.                      12 7-5                 469             1797        3.83               18       149.8 
    48 Georgia                       12 9-3                 459             1823        3.97               11       151.9 
    49 Tennessee                     12 8-4                 433             1839        4.25               12       153.3 
    50 Western Ky.                   13 11-2                480             2028        4.23               14       156.0 
    51 Utah St.                      12 6-6                 510             1875        3.68               26       156.3 
    52 Baylor                        12 9-3                 516             1876        3.64               15       156.3 
    53 Virginia                      12 4-8                 418             1879        4.50               15       156.6 
    54 Ohio                          12 8-4                 389             1884        4.84               19       157.0 
    55 Kansas St.                    12 6-6                 449             1913        4.26               20       159.4 
    56 Wake Forest                   12 3-9                 462             1935        4.19               16       161.3 
    57 Bowling Green                 13 10-3                524             2101        4.01               21       161.6 
    58 Army West Point               11 2-9                 395             1783        4.51               24       162.1 
    59 Maryland                      12 3-9                 521             1953        3.75               23       162.8 
       UTEP                          12 5-7                 394             1953        4.96               19       162.8 
    61 West Virginia                 12 7-5                 490             1961        4.00                9       163.4 
    62 Georgia Tech                  12 3-9                 422             1981        4.69               24       165.1 
    63 UConn                         12 6-6                 445             1984        4.46               13       165.3 
    64 Illinois                      12 5-7                 468             1997        4.27               16       166.4 
    65 Notre Dame                    12 10-2                442             1998        4.52               17       166.5 
    66 Northern Ill.                 13 8-5                 556             2169        3.90               13       166.8 
    67 Fla. Atlantic                 12 3-9                 504             2021        4.01               17       168.4 
    68 UTSA                          12 3-9                 483             2027        4.20               21       168.9 
       Miami (OH)                    12 3-9                 488             2027        4.15               27       168.9 
    70 Marshall                      12 9-3                 514             2058        4.00               11       171.5 
    71 Minnesota                     12 5-7                 495             2059        4.16               21       171.6 
    72 Mississippi St.               12 8-4                 480             2060        4.29               13       171.7 
    73 East Carolina                 12 5-7                 518             2094        4.04               21       174.5 
    74 Tulane                        12 3-9                 518             2146        4.14               29       178.8 
    75 Oregon                        12 9-3                 444             2150        4.84               21       179.2 
    76 Georgia St.                   12 6-6                 488             2157        4.42               17       179.8 
    77 Virginia Tech                 12 6-6                 475             2160        4.55               18       180.0 
    78 Indiana                       12 6-6                 441             2171        4.92               27       180.9 
    79 Syracuse                      12 4-8                 459             2182        4.75               24       181.8 
    80 TCU                           12 10-2                514             2188        4.26               23       182.3 
    81 La.-Lafayette                 12 4-8                 487             2205        4.53               17       183.8 
    82 FIU                           12 5-7                 482             2221        4.61               25       185.1 
    83 Oklahoma St.                  12 10-2                534             2223        4.16               24       185.3 
    84 Buffalo                       12 5-7                 491             2233        4.55               23       186.1 
       Rutgers                       12 4-8                 442             2233        5.05               33       186.1 
    86 Iowa St.                      12 3-9                 479             2239        4.67               21       186.6 
       Western Mich.                 12 7-5                 422             2239        5.31               23       186.6 
    88 UCLA                          12 8-4                 525             2254        4.29               13       187.8 
    89 Arizona                       12 6-6                 512             2262        4.42               26       188.5 
    90 Nevada                        12 6-6                 470             2266        4.82               18       188.8 
    91 Auburn                        12 6-6                 492             2276        4.63               24       189.7 
    92 Rice                          12 5-7                 444             2283        5.14               21       190.3 
    93 Cincinnati                    12 7-5                 455             2284        5.02               19       190.3 
    94 Troy                          12 4-8                 561             2295        4.09               20       191.3 
    95 Massachusetts                 12 3-9                 530             2315        4.37               22       192.9 
    96 New Mexico                    12 7-5                 520             2331        4.48               18       194.3 
    97 Kentucky                      12 5-7                 510             2353        4.61               24       196.1 
    98 Colorado                      13 4-9                 513             2583        5.04               19       198.7 
    99 Washington St.                12 8-4                 480             2388        4.98               23       199.0 
   100 UCF                           12 0-12                495             2390        4.83               24       199.2 
   101 Old Dominion                  12 5-7                 522             2440        4.67               30       203.3 
   102 California                    12 7-5                 512             2442        4.77               21       203.5 
   103 Texas A&M                     12 8-4                 509             2471        4.85               17       205.9 
   104 La.-Monroe                    13 2-11                638             2704        4.24               27       208.0 
   105 Colorado St.                  12 7-5                 513             2502        4.88               25       208.5 
   106 Miami (FL)                    12 8-4                 472             2526        5.35               25       210.5 
   107 Purdue                        12 2-10                504             2579        5.12               28       214.9 
   108 San Jose St.                  12 5-7                 493             2587        5.25               29       215.6 
   109 North Carolina                13 11-2                591             2818        4.77               21       216.8 
   110 South Carolina                12 3-9                 509             2609        5.13               26       217.4 
   111 UNLV                          12 3-9                 462             2610        5.65               32       217.5 
   112 Texas                         12 5-7                 583             2630        4.51               21       219.2 
   113 South Ala.                    12 5-7                 493             2652        5.38               34       221.0 
   114 Wyoming                       12 2-10                512             2702        5.28               28       225.2 
   115 Oregon St.                    12 2-10                526             2706        5.14               28       225.5 
       Ball St.                      12 3-9                 512             2706        5.29               29       225.5 
   117 Fresno St.                    12 3-9                 563             2816        5.00               32       234.7 
   118 Tulsa                         12 6-6                 549             2862        5.21               32       238.5 
   119 Hawaii                        13 3-10                686             3118        4.55               33       239.8 
   120 North Texas                   12 1-11                531             2879        5.42               38       239.9 
   121 New Mexico St.                12 3-9                 521             2907        5.58               35       242.3 
   122 Texas St.                     12 3-9                 542             3096        5.71               31       258.0 
   123 SMU                           12 2-10                542             3134        5.78               40       261.2 
   124 Kansas                        12 0-12                565             3206        5.67               39       267.2 
   125 Texas Tech                    12 7-5                 551             3262        5.92               42       271.8 
   126 Idaho                         12 4-8                 517             3279        6.34               39       273.3 
   127 Eastern Mich.                 12 1-11                588             3798        6.46               44       316.5 
Reclassifying
    NR Charlotte                     12 2-10                500             2287        4.57               23       190.6 
