Total Defense
Through Games 12/05/2015
  Rank Name                           G W-L               Plays         YDS    Yds/Play     Off TDs     Opp TDs         YPG 
     1 Boston College                12 3-9                 750        3052        4.07          15          19       254.3 
     2 Alabama                       13 12-1                813        3356        4.13          19          21       258.2 
     3 Wisconsin                     12 9-3                 730        3205        4.39          17          19       267.1 
     4 Michigan                      12 9-3                 766        3376        4.41          19          23       281.3 
     5 San Diego St.                 13 10-3                800        3743        4.68          27          28       287.9 
     6 Florida                       13 10-3                856        3840        4.49          24          25       295.4 
     7 Clemson                       13 13-0                821        3844        4.68          30          33       295.7 
     8 Georgia                       12 9-3                 761        3576        4.70          20          24       298.0 
     9 Missouri                      12 5-7                 838        3624        4.32          21          22       302.0 
    10 Ohio St.                      12 11-1                829        3642        4.39          20          20       303.5 
    11 Northwestern                  12 10-2                832        3726        4.48          21          24       310.5 
    12 Appalachian St.               12 10-2                806        3816        4.73          24          26       318.0 
    13 Louisville                    12 7-5                 811        3881        4.79          31          36       323.4 
    14 Penn St.                      12 7-5                 819        3891        4.75          30          34       324.3 
    15 Florida St.                   12 10-2                837        3932        4.70          19          21       327.7 
    16 Central Mich.                 12 7-5                 772        3938        5.10          32          35       328.2 
    17 Akron                         12 7-5                 814        3942        4.84          32          34       328.5 
    18 Temple                        13 10-3                875        4283        4.89          25          27       329.5 
    19 North Carolina St.            12 7-5                 751        3990        5.31          35          36       332.5 
    20 Iowa                          13 12-1                907        4345        4.79          24          26       334.2 
    21 Ga. Southern                  12 8-4                 740        4033        5.45          31          35       336.1 
    22 Utah St.                      12 6-6                 819        4040        4.93          41          43       336.7 
    23 Air Force                     13 8-5                 799        4382        5.48          36          38       337.1 
    24 Boise St.                     12 8-4                 800        4105        5.13          28          32       342.1 
    25 LSU                           11 8-3                 724        3767        5.20          32          34       342.5 
    26 Michigan St.                  13 12-1                829        4458        5.38          32          34       342.9 
    27 Pittsburgh                    12 8-4                 740        4131        5.58          30          32       344.3 
    28 Washington                    12 6-6                 864        4199        4.86          22          24       349.9 
    29 Kent St.                      12 3-9                 864        4201        4.86          37          40       350.1 
    30 Vanderbilt                    12 4-8                 814        4206        5.17          22          26       350.5 
    31 Oklahoma                      12 11-1                899        4208        4.68          30          30       350.7 
    32 Illinois                      12 5-7                 860        4210        4.90          33          34       350.8 
    33 UConn                         12 6-6                 810        4227        5.22          26          28       352.3 
    34 Virginia Tech                 12 6-6                 784        4245        5.41          33          35       353.8 
    35 Minnesota                     12 5-7                 859        4248        4.95          34          38       354.0 
    36 BYU                           12 9-3                 855        4297        5.03          31          33       358.1 
    37 South Fla.                    12 8-4                 865        4334        5.01          29          29       361.2 
    38 Notre Dame                    12 10-2                785        4349        5.54          34          35       362.4 
    39 Wake Forest                   12 3-9                 784        4365        5.57          33          37       363.8 
    40 Southern Miss.                13 9-4                 920        4733        5.14          34          37       364.1 
    41 Utah                          12 9-3                 840        4382        5.22          29          31       365.2 
    42 Texas A&M                     12 8-4                 840        4406        5.25          25          29       367.2 
    43 Georgia Tech                  12 3-9                 759        4416        5.82          36          38       368.0 
    44 San Jose St.                  12 5-7                 783        4430        5.66          43          44       369.2 
    45 Navy                          11 9-2                 735        4064        5.53          29          30       369.5 
    46 Tennessee                     12 8-4                 834        4445        5.33          29          32       370.4 
    47 Duke                          12 7-5                 857        4464        5.21          35          37       372.0 
    48 Marshall                      12 9-3                 947        4467        4.72          26          27       372.3 
    49 Ohio                          12 8-4                 786        4483        5.70          34          37       373.6 
    50 Stanford                      13 11-2                855        4869        5.69          33          34       374.5 
    51 Toledo                        11 9-2                 813        4167        5.13          25          27       378.8 
    52 Louisiana Tech                12 8-4                 856        4563        5.33          35          39       380.3 
    53 Houston                       13 12-1                909        4957        5.45          33          33       381.3 
    54 Army West Point               11 2-9                 687        4195        6.11          36          37       381.4 
    55 West Virginia                 12 7-5                 885        4634        5.24          29          32       386.2 
    56 Ole Miss                      12 9-3                 954        4650        4.87          30          31       387.5 
    57 Middle Tenn.                  12 7-5                 898        4660        5.19          35          38       388.3 
    58 Mississippi St.               12 8-4                 876        4661        5.32          28          30       388.4 
    59 Baylor                        12 9-3                 922        4668        5.06          42          44       389.0 
    60 Western Ky.                   13 11-2                918        5076        5.53          40          43       390.5 
    61 Troy                          12 4-8                 895        4695        5.25          39          43       391.3 
    62 UCLA                          12 8-4                 963        4722        4.90          30          34       393.5 
    63 Kentucky                      12 5-7                 853        4730        5.55          38          41       394.2 
    64 Colorado St.                  12 7-5                 824        4737        5.75          37          39       394.8 
    65 Nevada                        12 6-6                 836        4738        5.67          36          40       394.8 
    66 TCU                           12 10-2                921        4760        5.17          39          40       396.7 
    67 Arkansas St.                  12 9-3                 873        4763        5.46          42          47       396.9 
    68 Northern Ill.                 13 8-5                1034        5203        5.03          35          38       400.2 
    69 East Carolina                 12 5-7                 894        4811        5.38          38          39       400.9 
    70 Southern California           13 8-5                 909        5217        5.74          40          42       401.3 
    71 Nebraska                      12 5-7                 828        4819        5.82          39          41       401.6 
    72 Arkansas                      12 7-5                 792        4849        6.12          41          42       404.1 
    73 Miami (OH)                    12 3-9                 863        4855        5.63          47          48       404.6 
    74 Fla. Atlantic                 12 3-9                 877        4861        5.54          40          44       405.1 
    75 FIU                           12 5-7                 854        4873        5.71          42          47       406.1 
    76 Miami (FL)                    12 8-4                 833        4881        5.86          39          41       406.8 
    77 Memphis                       12 9-3                 888        4885        5.50          42          42       407.1 
    78 Bowling Green                 13 10-3               1008        5315        5.27          39          42       408.8 
    79 North Carolina                13 11-2               1008        5347        5.30          37          37       411.3 
    80 Western Mich.                 12 7-5                 787        4936        6.27          44          45       411.3 
    81 Virginia                      12 4-8                 793        4938        6.23          41          45       411.5 
    82 Tulane                        12 3-9                 851        4947        5.81          49          57       412.3 
    83 Buffalo                       12 5-7                 876        4961        5.66          41          43       413.4 
    84 Cincinnati                    12 7-5                 853        4976        5.83          41          45       414.7 
    85 Georgia St.                   12 6-6                 922        4987        5.41          35          41       415.6 
    86 South Ala.                    12 5-7                 830        4992        6.01          53          58       416.0 
    87 Colorado                      13 4-9                 948        5420        5.72          43          44       416.9 
    88 La.-Lafayette                 12 4-8                 848        5050        5.96          45          49       420.8 
    89 Maryland                      12 3-9                 906        5054        5.58          50          53       421.2 
    90 Auburn                        12 6-6                 913        5062        5.54          37          38       421.8 
    91 Wyoming                       12 2-10                791        5065        6.40          51          53       422.1 
    92 La.-Monroe                    13 2-11                979        5496        5.61          56          61       422.8 
    93 Washington St.                12 8-4                 876        5074        5.79          35          43       422.8 
    94 UTEP                          12 5-7                 753        5133        6.82          45          51       427.8 
    95 Oklahoma St.                  12 10-2                932        5154        5.53          41          45       429.5 
    96 South Carolina                12 3-9                 856        5158        6.03          41          42       429.8 
    97 New Mexico                    12 7-5                 876        5186        5.92          39          39       432.2 
    98 Old Dominion                  12 5-7                 926        5247        5.67          52          54       437.3 
    99 Syracuse                      12 4-8                 847        5262        6.21          42          46       438.5 
   100 Kansas St.                    12 6-6                 874        5310        6.08          44          46       442.5 
   101 UTSA                          12 3-9                 893        5329        5.97          43          50       444.1 
   102 Arizona St.                   12 6-6                 882        5353        6.07          46          50       446.1 
   103 Fresno St.                    12 3-9                 894        5354        5.99          52          63       446.2 
   104 Rice                          12 5-7                 753        5369        7.13          57          59       447.4 
   105 Massachusetts                 12 3-9                 947        5374        5.67          44          45       447.8 
   106 Hawaii                        13 3-10               1050        5834        5.56          56          59       448.8 
   107 Texas                         12 5-7                 965        5431        5.63          45          46       452.6 
   108 Iowa St.                      12 3-9                 883        5441        6.16          49          51       453.4 
   109 California                    12 7-5                 899        5464        6.08          40          43       455.3 
   110 UNLV                          12 3-9                 881        5487        6.23          51          53       457.3 
   111 Purdue                        12 2-10                897        5500        6.13          52          57       458.3 
   112 Rutgers                       12 4-8                 809        5544        6.85          55          55       462.0 
   113 Arizona                       12 6-6                 933        5560        5.96          53          55       463.3 
   114 UCF                           12 0-12                851        5569        6.54          55          57       464.1 
   115 Oregon                        12 9-3                 952        5764        6.05          54          57       480.3 
   116 Oregon St.                    12 2-10                897        5778        6.44          54          57       481.5 
   117 Idaho                         12 4-8                 839        5852        6.97          61          66       487.7 
   118 SMU                           12 2-10                853        6026        7.06          71          75       502.2 
   119 North Texas                   12 1-11                904        6031        6.67          62          66       502.6 
   120 Indiana                       12 6-6                 952        6087        6.39          58          60       507.3 
   121 Ball St.                      12 3-9                 920        6216        6.76          55          56       518.0 
   122 Eastern Mich.                 12 1-11                888        6231        7.02          66          68       519.3 
   123 Texas St.                     12 3-9                 893        6262        7.01          59          62       521.8 
   124 New Mexico St.                12 3-9                 923        6267        6.79          65          71       522.3 
   125 Tulsa                         12 6-6                 978        6378        6.52          58          59       531.5 
   126 Texas Tech                    12 7-5                 969        6482        6.69          66          69       540.2 
   127 Kansas                        12 0-12                967        6730        6.96          66          72       560.8 
Reclassifying
    NR Charlotte                     12 2-10                907        5028        5.54          48          55       419.0 
