Red Zone Defense
Through Games 12/05/2015
  Rank Name                           G W-L           Opp RZAtt   Opp RZ Rush TD   Opp RZ Pass TD   Opp RZ FG Made     Opp RZScores         Pct 
     1 Appalachian St.               12 10-2                 40               11                5                9               25       0.625 
     2 Georgia                       12 9-3                  31               10                5                5               20       0.645 
     3 Toledo                        11 9-2                  35                7                8                8               23       0.657 
     4 New Mexico                    12 7-5                  44               11                7               12               30       0.682 
     5 Middle Tenn.                  12 7-5                  45               11               13                8               32       0.711 
     6 Vanderbilt                    12 4-8                  49               11                8               16               35       0.714 
     7 Mississippi St.               12 8-4                  43                7               10               14               31       0.721 
     8 Marshall                      12 9-3                  40                8               11               10               29       0.725 
     9 Wisconsin                     12 9-3                  22                6                2                8               16       0.727 
    10 Boston College                12 3-9                  30                5                5               12               22       0.733 
    11 UConn                         12 6-6                  38               11                5               12               28       0.737 
    12 Northwestern                  12 10-2                 31               15                1                7               23       0.742 
    13 Central Mich.                 12 7-5                  39               13                9                7               29       0.744 
       Fla. Atlantic                 12 3-9                  39               13                9                7               29       0.744 
    15 Kentucky                      12 5-7                  52               19                9               11               39       0.750 
    16 FIU                           12 5-7                  45               19                9                6               34       0.756 
    17 BYU                           12 9-3                  41               15                8                8               31       0.756 
       La.-Lafayette                 12 4-8                  41               12               12                7               31       0.756 
    19 Boise St.                     12 8-4                  33               11                6                8               25       0.758 
    20 Nevada                        12 6-6                  46               13               13                9               35       0.761 
    21 New Mexico St.                12 3-9                  55               23               10                9               42       0.764 
    22 Notre Dame                    12 10-2                 34               12               11                3               26       0.765 
    23 Tennessee                     12 8-4                  39               11               11                8               30       0.769 
    24 TCU                           12 10-2                 40               19                4                8               31       0.775 
    25 Kent St.                      12 3-9                  45               14               12                9               35       0.778 
       Washington                    12 6-6                  36               12                3               13               28       0.778 
    27 Kansas                        12 0-12                 77               31               17               12               60       0.779 
    28 Temple                        13 10-3                 41                9                8               15               32       0.780 
    29 Florida                       13 10-3                 32                8                7               10               25       0.781 
    30 Western Ky.                   13 11-2                 46               11               17                8               36       0.783 
    31 Oklahoma                      12 11-1                 37               10               10                9               29       0.784 
    32 Ohio St.                      12 11-1                 28                7                9                6               22       0.786 
    33 La.-Monroe                    13 2-11                 61               24               12               12               48       0.787 
    34 Navy                          11 9-2                  33               14                8                4               26       0.788 
       Wake Forest                   12 3-9                  33               11                6                9               26       0.788 
    36 UTSA                          12 3-9                  58               19               13               14               46       0.793 
    37 Old Dominion                  12 5-7                  63               23               13               14               50       0.794 
    38 Akron                         12 7-5                  39               12               14                5               31       0.795 
    39 Southern Miss.                13 9-4                  49               10               14               15               39       0.796 
    40 San Diego St.                 13 10-3                 35               11               10                7               28       0.800 
       Rutgers                       12 4-8                  55               23               13                8               44       0.800 
       Air Force                     13 8-5                  30               11                4                9               24       0.800 
       Florida St.                   12 10-2                 30                5                7               12               24       0.800 
       Auburn                        12 6-6                  50               20                7               13               40       0.800 
    45 Purdue                        12 2-10                 61               24               15               10               49       0.803 
    46 Eastern Mich.                 12 1-11                 56               30               10                5               45       0.804 
    47 North Carolina                13 11-2                 51               17               14               10               41       0.804 
    48 Virginia                      12 4-8                  47               11               13               14               38       0.809 
    49 Utah                          12 9-3                  42                9               13               12               34       0.810 
    50 Missouri                      12 5-7                  38               10                8               13               31       0.816 
    51 Northern Ill.                 13 8-5                  44               10                8               18               36       0.818 
       Texas A&M                     12 8-4                  44               12                6               18               36       0.818 
       Iowa                          13 12-1                 33                8                9               10               27       0.818 
    54 Bowling Green                 13 10-3                 50               18                9               14               41       0.820 
    55 Memphis                       12 9-3                  39               18                6                8               32       0.821 
    56 Troy                          12 4-8                  45               17               11                9               37       0.822 
    57 Georgia St.                   12 6-6                  40               13                9               11               33       0.825 
       Western Mich.                 12 7-5                  40               15               10                8               33       0.825 
    59 Kansas St.                    12 6-6                  46               16               13                9               38       0.826 
       Nebraska                      12 5-7                  46               12               14               12               38       0.826 
       South Carolina                12 3-9                  46               21                9                8               38       0.826 
    62 Miami (OH)                    12 3-9                  52               20               15                8               43       0.827 
    63 Arkansas St.                  12 9-3                  35               14               11                4               29       0.829 
       Clemson                       13 13-0                 35               12                8                9               29       0.829 
    65 Alabama                       13 12-1                 24                5                6                9               20       0.833 
       Georgia Tech                  12 3-9                  42               17                7               11               35       0.833 
    67 UCLA                          12 8-4                  43                8               14               14               36       0.837 
    68 Michigan                      12 9-3                  31               10                3               13               26       0.839 
       Louisville                    12 7-5                  31                9                8                9               26       0.839 
    70 Washington St.                12 8-4                  50               20                9               13               42       0.840 
    71 East Carolina                 12 5-7                  44               19                9                9               37       0.841 
       Indiana                       12 6-6                  44               15               13                9               37       0.841 
    73 Michigan St.                  13 12-1                 38               13               10                9               32       0.842 
    74 Tulane                        12 3-9                  51               26               10                7               43       0.843 
    75 Ole Miss                      12 9-3                  45                7               16               15               38       0.844 
       Fresno St.                    12 3-9                  45               23               11                4               38       0.844 
    77 Ball St.                      12 3-9                  58               24               17                8               49       0.845 
    78 Oklahoma St.                  12 10-2                 39               18                8                7               33       0.846 
       Cincinnati                    12 7-5                  52               15               15               14               44       0.846 
    80 Texas Tech                    12 7-5                  60               34               12                5               51       0.850 
    81 North Carolina St.            12 7-5                  27                6                8                9               23       0.852 
    82 San Jose St.                  12 5-7                  41               20                7                8               35       0.854 
       UTEP                          12 5-7                  41               13               10               12               35       0.854 
    84 Virginia Tech                 12 6-6                  35               11                9               10               30       0.857 
       Arkansas                      12 7-5                  49               21               11               10               42       0.857 
       Duke                          12 7-5                  35               13               10                7               30       0.857 
    87 Oregon St.                    12 2-10                 64               26               18               11               55       0.859 
    88 Iowa St.                      12 3-9                  43               16               13                8               37       0.860 
    89 Louisiana Tech                12 8-4                  44                9               17               12               38       0.864 
    90 Tulsa                         12 6-6                  60               25               13               14               52       0.867 
    91 Texas St.                     12 3-9                  53               22               15                9               46       0.868 
    92 West Virginia                 12 7-5                  38                7               12               14               33       0.868 
       Colorado St.                  12 7-5                  38               16                4               13               33       0.868 
    94 Colorado                      13 4-9                  46               13               13               14               40       0.870 
    95 Hawaii                        13 3-10                 62               31               10               13               54       0.871 
    96 Utah St.                      12 6-6                  39               21                7                6               34       0.872 
       Illinois                      12 5-7                  39               12               11               11               34       0.872 
    98 North Texas                   12 1-11                 63               33               13                9               55       0.873 
    99 Southern California           13 8-5                  48               15               15               12               42       0.875 
   100 Rice                          12 5-7                  42               17               13                7               37       0.881 
       Arizona St.                   12 6-6                  42               10               16               11               37       0.881 
   102 South Fla.                    12 8-4                  34               11                5               14               30       0.882 
   103 Minnesota                     12 5-7                  43               18               10               10               38       0.884 
   104 Stanford                      13 11-2                 45               13                8               19               40       0.889 
   105 Massachusetts                 12 3-9                  55               16               15               18               49       0.891 
   106 Ohio                          12 8-4                  37               13                9               11               33       0.892 
   107 Wyoming                       12 2-10                 47               20               15                7               42       0.894 
   108 Miami (FL)                    12 8-4                  48               19               10               14               43       0.896 
   109 Buffalo                       12 5-7                  39               18               11                6               35       0.897 
   110 Oregon                        12 9-3                  59               16               26               11               53       0.898 
   111 Syracuse                      12 4-8                  51               20               12               14               46       0.902 
   112 Idaho                         12 4-8                  63               30               17               10               57       0.905 
   113 UCF                           12 0-12                 53               18               20               10               48       0.906 
   114 Houston                       13 12-1                 32               14                9                6               29       0.906 
       LSU                           11 8-3                  32               11               12                6               29       0.906 
   116 Maryland                      12 3-9                  54               21               18               10               49       0.907 
   117 Penn St.                      12 7-5                  34               16                9                6               31       0.912 
   118 UNLV                          12 3-9                  46               24               11                7               42       0.913 
   119 Baylor                        12 9-3                  36               12               14                7               33       0.917 
   120 Texas                         12 5-7                  51               17               18               12               47       0.922 
   121 SMU                           12 2-10                 55               31               12                8               51       0.927 
   122 Army West Point               11 2-9                  42               20                6               13               39       0.929 
   123 Ga. Southern                  12 8-4                  31                8               12                9               29       0.935 
   124 California                    12 7-5                  47               16               12               16               44       0.936 
   125 Arizona                       12 6-6                  53               23               16               11               50       0.943 
   126 South Ala.                    12 5-7                  51               29               11                9               49       0.961 
   127 Pittsburgh                    12 8-4                  32                9                7               15               31       0.969 
Reclassifying
    NR Charlotte                     12 2-10                 56               18               13               12               43       0.768 
