Scoring Offense
Through Games 12/05/2015
  Rank Name                           G W-L                 TDs         PAT         2PT     Def Pts          FG         Saf         Pts         PPG 
     1 Baylor                        12 9-3                  79          76           1           0           8           0         576        48.0 
     2 Texas Tech                    12 7-5                  73          69           2           0          16           0         559        46.6 
     3 Oklahoma                      12 11-1                 71          69           0           0          18           0         549        45.8 
     4 Western Ky.                   13 11-2                 76          73           2           0          14           0         575        44.2 
     5 Bowling Green                 13 10-3                 78          72           0           0           8           0         564        43.4 
     6 Oregon                        12 9-3                  66          62           0           0          20           0         518        43.2 
     7 Memphis                       12 9-3                  63          62           1           0          22           2         512        42.7 
     8 TCU                           12 10-2                 64          57           2           0          17           2         500        41.7 
     9 Oklahoma St.                  12 10-2                 65          60           0           0          14           1         494        41.2 
    10 Arkansas St.                  12 9-3                  66          61           1           0          11           0         492        41.0 
    11 North Carolina                13 11-2                 68          63           2           0          19           0         532        40.9 
    12 Southern Miss.                13 9-4                  71          66           0           0          12           0         528        40.6 
       Houston                       13 12-1                 70          70           0           0          12           1         528        40.6 
    14 Ole Miss                      12 9-3                  62          60           0           0          17           0         483        40.3 
    15 Clemson                       13 13-0                 62          57           0           0          23           1         500        38.5 
    16 Boise St.                     12 8-4                  55          52           0           0          23           1         453        37.8 
    17 Navy                          11 9-2                  54          51           0           0          12           1         413        37.5 
    18 Stanford                      13 11-2                 62          61           0           0          17           0         484        37.2 
    19 Appalachian St.               12 10-2                 58          57           0           0          13           1         446        37.2 
    20 Arizona                       12 6-6                  56          54           0           0          17           0         441        36.8 
       Louisiana Tech                12 8-4                  55          55           0           0          18           1         441        36.8 
    22 California                    12 7-5                  56          46           4           0          16           0         438        36.5 
    23 Indiana                       12 6-6                  53          48           1           0          22           0         434        36.2 
    24 Cincinnati                    12 7-5                  53          48           2           0          21           0         433        36.1 
    25 Tulsa                         12 6-6                  55          53           0           0          16           0         431        35.9 
    26 Toledo                        11 9-2                  48          46           0           0          18           0         388        35.3 
    27 Western Mich.                 12 7-5                  54          47           2           0          16           0         423        35.3 
    28 Arkansas                      12 7-5                  56          52           4           0           8           1         422        35.2 
    29 Ohio St.                      12 11-1                 57          57           0           0           7           0         420        35.0 
    30 Southern California           13 8-5                  60          55           0           0          13           0         454        34.9 
    31 Notre Dame                    12 10-2                 54          46           1           0          15           0         417        34.8 
    32 Ga. Southern                  12 8-4                  53          51           0           0          15           1         416        34.7 
    33 Tennessee                     12 8-4                  50          50           0           0          20           1         412        34.3 
    34 Middle Tenn.                  12 7-5                  54          52           0           0          11           1         411        34.3 
    35 BYU                           12 9-3                  53          48           1           0          14           0         410        34.2 
    36 Alabama                       13 12-1                 54          52           0           0          21           2         443        34.1 
    37 Arizona St.                   12 6-6                  48          48           0           0          22           3         408        34.0 
    38 North Carolina St.            12 7-5                  55          51           1           0           7           0         404        33.7 
    39 Air Force                     13 8-5                  57          54           1           0          13           0         437        33.6 
    40 South Fla.                    12 8-4                  51          49           0           0          15           1         402        33.5 
    41 West Virginia                 12 7-5                  49          49           0           0          18           1         399        33.3 
    42 Mississippi St.               12 8-4                  51          48           0           0          14           0         396        33.0 
       Northern Ill.                 13 8-5                  56          51           0           0          14           0         429        33.0 
    44 Marshall                      12 9-3                  49          48           1           0          15           1         391        32.6 
    45 UCLA                          12 8-4                  47          44           2           0          20           0         390        32.5 
       Nebraska                      12 5-7                  47          40           3           0          20           1         390        32.5 
    47 Washington St.                12 8-4                  48          47           0           0          18           0         389        32.4 
    48 Florida St.                   12 10-2                 47          46           0           0          20           0         388        32.3 
    49 Iowa                          13 12-1                 54          48           0           0          15           0         417        32.1 
       Michigan St.                  13 12-1                 55          51           0           0          12           0         417        32.1 
    51 San Diego St.                 13 10-3                 51          51           0           0          17           0         408        31.4 
    52 Temple                        13 10-3                 48          44           3           1          20           0         400        30.8 
    53 LSU                           11 8-3                  43          41           0           0          13           0         338        30.7 
    54 Michigan                      12 9-3                  45          41           4           0          16           0         367        30.6 
    55 Duke                          12 7-5                  42          37           3           0          23           1         366        30.5 
       Kansas St.                    12 6-6                  46          42           0           0          16           0         366        30.5 
    57 Idaho                         12 4-8                  42          39           2           0          23           0         364        30.3 
    58 Utah                          12 9-3                  42          42           0           0          23           0         363        30.3 
    59 Colorado St.                  12 7-5                  46          41           2           0          13           1         362        30.2 
    60 Utah St.                      12 6-6                  46          43           0           1          11           1         356        29.7 
    61 Washington                    12 6-6                  45          45           0           0          13           0         354        29.5 
    62 New Mexico                    12 7-5                  47          45           1           0           7           1         352        29.3 
    63 Georgia Tech                  12 3-9                  47          44           1           0           7           1         351        29.3 
    64 Virginia Tech                 12 6-6                  41          37           1           0          21           0         348        29.0 
    65 Miami (FL)                    12 8-4                  39          38           0           0          25           0         347        28.9 
    66 Louisville                    12 7-5                  43          43           0           0          15           0         346        28.8 
    67 UNLV                          12 3-9                  44          43           0           0          12           0         343        28.6 
       New Mexico St.                12 3-9                  46          37           0           0          10           0         343        28.6 
    69 Texas A&M                     12 8-4                  39          38           1           0          22           0         340        28.3 
    70 Pittsburgh                    12 8-4                  42          38           1           0          15           1         339        28.3 
    71 San Jose St.                  12 5-7                  45          39           0           0           9           0         336        28.0 
    72 Troy                          12 4-8                  41          39           1           0          16           0         335        27.9 
    73 Georgia St.                   12 6-6                  43          40           0           0          12           0         334        27.8 
    74 SMU                           12 2-10                 44          43           0           0           8           1         333        27.8 
    75 East Carolina                 12 5-7                  43          41           0           0          10           0         329        27.4 
       Ohio                          12 8-4                  41          41           0           0          14           0         329        27.4 
    77 Syracuse                      12 4-8                  40          37           0           0          16           1         327        27.3 
    78 Auburn                        12 6-6                  37          36           1           0          22           0         326        27.2 
    79 Rutgers                       12 4-8                  42          35           1           0          12           0         325        27.1 
       Wisconsin                     12 9-3                  40          40           0           0          15           0         325        27.1 
    81 Texas St.                     12 3-9                  42          32           2           0          11           1         323        26.9 
    82 Central Mich.                 12 7-5                  39          36           0           0          16           2         322        26.8 
    83 Buffalo                       12 5-7                  41          31           1           0          13           1         320        26.7 
    84 Georgia                       12 9-3                  38          37           0           0          17           1         318        26.5 
    85 La.-Lafayette                 12 4-8                  41          32           3           0          11           0         317        26.4 
       Texas                         12 5-7                  40          38           0           0          13           0         317        26.4 
    87 Rice                          12 5-7                  41          40           0           0           9           0         313        26.1 
       Nevada                        12 6-6                  39          37           0           0          14           0         313        26.1 
    89 Virginia                      12 4-8                  37          34           0           0          17           1         309        25.8 
    90 FIU                           12 5-7                  40          32           2           0          10           0         306        25.5 
    91 Eastern Mich.                 12 1-11                 39          36           1           0          11           0         305        25.4 
    92 Purdue                        12 2-10                 41          38           1           0           5           0         301        25.1 
    93 South Ala.                    12 5-7                  36          32           2           0          16           0         300        25.0 
       Iowa St.                      12 3-9                  37          36           0           0          14           0         300        25.0 
    95 Maryland                      12 3-9                  38          33           1           0          11           0         296        24.7 
       Kentucky                      12 5-7                  35          33           0           1          17           0         296        24.7 
    97 Colorado                      13 4-9                  38          36           1           0          18           0         320        24.6 
    98 Florida                       13 10-3                 43          35           1           0           7           1         318        24.5 
    99 Old Dominion                  12 5-7                  37          31           1           0          12           0         291        24.3 
   100 Akron                         12 7-5                  36          34           0           0          12           1         288        24.0 
   101 Penn St.                      12 7-5                  34          29           0           0          17           0         284        23.7 
   102 Ball St.                      12 3-9                  33          31           0           0          16           0         277        23.1 
   103 Illinois                      12 5-7                  32          32           0           0          16           0         272        22.7 
   104 UTSA                          12 3-9                  35          29           0           0          10           1         271        22.6 
       Minnesota                     12 5-7                  32          30           2           0          15           0         271        22.6 
   106 Army West Point               11 2-9                  33          29           3           0           5           0         248        22.5 
   107 Fla. Atlantic                 12 3-9                  31          28           0           0          18           1         270        22.5 
   108 Fresno St.                    12 3-9                  35          31           1           0           8           0         267        22.3 
   109 Massachusetts                 12 3-9                  34          32           0           0          10           0         266        22.2 
   110 South Carolina                12 3-9                  29          25           1           0          20           1         263        21.9 
   111 La.-Monroe                    13 2-11                 35          34           0           0           9           1         273        21.0 
   112 Northwestern                  12 10-2                 28          26           0           0          18           0         248        20.7 
       UTEP                          12 5-7                  29          23           0           0          15           3         248        20.7 
   114 Tulane                        12 3-9                  30          29           0           0           9           0         236        19.7 
   115 Oregon St.                    12 2-10                 28          23           2           0          11           0         228        19.0 
       Wyoming                       12 2-10                 32          28           1           0           2           0         228        19.0 
   117 Miami (OH)                    12 3-9                  27          24           0           0           9           1         215        17.9 
   118 UConn                         12 6-6                  24          20           1           0          15           1         213        17.8 
   119 Hawaii                        13 3-10                 29          27           1           0           8           1         229        17.6 
   120 Wake Forest                   12 3-9                  25          24           0           0          11           1         209        17.4 
   121 Boston College                12 3-9                  27          24           1           0           6           0         206        17.2 
   122 Kansas                        12 0-12                 24          21           0           0           6           0         183        15.3 
   123 North Texas                   12 1-11                 22          21           0           1           9           0         182        15.2 
       Vanderbilt                    12 4-8                  21          18           1           0          12           0         182        15.2 
   125 UCF                           12 0-12                 18          18           0           0          13           1         167        13.9 
   126 Missouri                      12 5-7                  16          15           1           0          16           1         163        13.6 
   127 Kent St.                      12 3-9                  19          14           2           0           7           2         157        13.1 
Reclassifying
    NR Charlotte                     12 2-10                 24          24           0           0          14           0         210        17.5 
