Passing Offense
Through Games 12/05/2015
  Rank Name                           G W-L            Pass Att    Pass Com         Int    Pass Yds     Yds/Att    Yds/Comp     Pass TD         YPG 
     1 Washington St.                12 8-4                 685         471          12        4764        6.95       10.11          39       397.0 
     2 Texas Tech                    12 7-5                 564         361          14        4676        8.29       12.95          35       389.7 
     3 Bowling Green                 13 10-3                560         383           8        4889        8.73       12.77          44       376.1 
     4 Cincinnati                    12 7-5                 516         322          19        4477        8.68       13.90          29       373.1 
     5 California                    12 7-5                 513         327          14        4425        8.63       13.53          38       368.8 
     6 Western Ky.                   13 11-2                508         366           7        4750        9.35       12.98          47       365.4 
     7 Oklahoma St.                  12 10-2                472         298          10        4288        9.08       14.39          35       357.3 
     8 Georgia St.                   12 6-6                 467         294          11        4159        8.91       14.15          26       346.6 
     9 TCU                           12 10-2                470         296          14        4146        8.82       14.01          37       345.5 
    10 Ole Miss                      12 9-3                 454         296          13        4004        8.82       13.53          31       333.7 
    11 Tulsa                         12 6-6                 448         278           8        3958        8.83       14.24          22       329.8 
    12 Southern Miss.                13 9-4                 492         312          12        4263        8.66       13.66          38       327.9 
    13 Memphis                       12 9-3                 428         295           4        3891        9.09       13.19          30       324.3 
    14 Central Mich.                 12 7-5                 465         311          10        3760        8.09       12.09          25       313.3 
    15 Louisiana Tech                12 8-4                 441         271          11        3743        8.49       13.81          25       311.9 
    16 Mississippi St.               12 8-4                 458         306           4        3733        8.15       12.20          29       311.1 
    17 Middle Tenn.                  12 7-5                 462         308           9        3725        8.06       12.09          28       310.4 
    18 Oklahoma                      12 11-1                396         266           7        3695        9.33       13.89          37       307.9 
    19 Boise St.                     12 8-4                 485         305          11        3655        7.54       11.98          21       304.6 
    20 Baylor                        12 9-3                 371         219          12        3653        9.85       16.68          44       304.4 
    21 BYU                           12 9-3                 448         277           9        3539        7.90       12.78          24       294.9 
    22 Arizona St.                   12 6-6                 482         291           9        3469        7.20       11.92          26       289.1 
    23 Clemson                       13 13-0                449         309          13        3750        8.35       12.14          30       288.5 
    24 Indiana                       12 6-6                 409         241           6        3431        8.39       14.24          24       285.9 
    25 UCLA                          12 8-4                 469         274          11        3430        7.31       12.52          20       285.8 
    26 Western Mich.                 12 7-5                 377         254           8        3405        9.03       13.41          28       283.8 
    27 Miami (FL)                    12 8-4                 417         251           7        3383        8.11       13.48          17       281.9 
    28 East Carolina                 12 5-7                 473         321          12        3375        7.14       10.51          21       281.3 
       Idaho                         12 4-8                 472         297          15        3375        7.15       11.36          17       281.3 
    30 Nebraska                      12 5-7                 439         244          21        3296        7.51       13.51          26       274.7 
    31 Southern California           13 8-5                 430         291           6        3555        8.27       12.22          29       273.5 
    32 Arizona                       12 6-6                 442         260           9        3219        7.28       12.38          25       268.3 
    33 Arkansas                      12 7-5                 348         226           7        3171        9.11       14.03          30       264.3 
    34 North Carolina                13 11-2                373         239           9        3432        9.20       14.36          28       264.0 
    35 Oregon                        12 9-3                 340         216          10        3125        9.19       14.47          32       260.4 
    36 Massachusetts                 12 3-9                 495         281          13        3090        6.24       11.00          18       257.5 
    37 Notre Dame                    12 10-2                347         219           9        3080        8.88       14.06          23       256.7 
    38 Duke                          12 7-5                 469         277           7        3041        6.48       10.98          17       253.4 
    39 New Mexico St.                12 3-9                 453         241          14        3034        6.70       12.59          26       252.8 
    40 Texas A&M                     12 8-4                 434         245          14        3016        6.95       12.31          23       251.3 
    41 Toledo                        11 9-2                 382         211          10        2751        7.20       13.04          22       250.1 
    42 Buffalo                       12 5-7                 455         283          16        2994        6.58       10.58          16       249.5 
    43 Houston                       13 12-1                386         257           6        3216        8.33       12.51          20       247.4 
    44 Louisville                    12 7-5                 383         215          15        2959        7.73       13.76          19       246.6 
    45 Florida St.                   12 10-2                371         241           5        2928        7.89       12.15          20       244.0 
    46 Illinois                      12 5-7                 519         285           8        2921        5.63       10.25          16       243.4 
    47 Troy                          12 4-8                 418         250          11        2890        6.91       11.56          21       240.8 
    48 Colorado                      13 4-9                 466         286          12        3128        6.71       10.94          13       240.6 
    49 Virginia                      12 4-8                 413         252          18        2859        6.92       11.35          21       238.3 
    50 FIU                           12 5-7                 440         274           8        2854        6.49       10.42          22       237.8 
       Ohio                          12 8-4                 374         225          11        2854        7.63       12.68          18       237.8 
    52 Purdue                        12 2-10                504         290          16        2847        5.65        9.82          18       237.3 
    53 Michigan St.                  13 12-1                401         225           6        3069        7.65       13.64          26       236.1 
    54 Washington                    12 6-6                 362         222          11        2826        7.81       12.73          17       235.5 
    55 Michigan                      12 9-3                 384         238          10        2812        7.32       11.82          18       234.3 
    56 San Jose St.                  12 5-7                 372         254          11        2793        7.51       11.00          20       232.8 
    57 Marshall                      12 9-3                 435         252          12        2791        6.42       11.08          24       232.6 
    58 Texas St.                     12 3-9                 431         249          12        2752        6.39       11.05          15       229.3 
    59 Wisconsin                     12 9-3                 390         234          13        2751        7.05       11.76          13       229.3 
    60 Wake Forest                   12 3-9                 417         236          18        2739        6.57       11.61          13       228.3 
    61 West Virginia                 12 7-5                 378         204          13        2737        7.24       13.42          21       228.1 
    62 Iowa St.                      12 3-9                 411         237          12        2716        6.61       11.46          18       226.3 
    63 Rice                          12 5-7                 373         212           9        2691        7.21       12.69          20       224.3 
    64 Eastern Mich.                 12 1-11                409         249          14        2666        6.52       10.71          18       222.2 
    65 Northern Ill.                 13 8-5                 383         233          10        2880        7.52       12.36          22       221.5 
    66 Colorado St.                  12 7-5                 350         211          15        2655        7.59       12.58          24       221.3 
    67 Old Dominion                  12 5-7                 433         235           9        2634        6.08       11.21          20       219.5 
    68 Kansas                        12 0-12                452         243          14        2623        5.80       10.79          12       218.6 
    69 SMU                           12 2-10                366         203           8        2620        7.16       12.91          19       218.3 
    70 Ball St.                      12 3-9                 459         263           9        2619        5.71        9.96          17       218.3 
    71 Virginia Tech                 12 6-6                 356         200          13        2592        7.28       12.96          23       216.0 
    72 Temple                        13 10-3                397         227           7        2802        7.06       12.34          20       215.5 
    73 Alabama                       13 12-1                390         260          10        2786        7.14       10.72          18       214.3 
    74 Minnesota                     12 5-7                 397         227          10        2570        6.47       11.32          14       214.2 
    75 Fla. Atlantic                 12 3-9                 394         206          12        2557        6.49       12.41          12       213.1 
    76 Arkansas St.                  12 9-3                 336         192          13        2547        7.58       13.27          23       212.3 
    77 UNLV                          12 3-9                 365         196          13        2537        6.95       12.94          21       211.4 
    78 Florida                       13 10-3                380         219           8        2744        7.22       12.53          19       211.1 
    79 Stanford                      13 11-2                297         201           7        2742        9.23       13.64          27       210.9 
    80 North Carolina St.            12 7-5                 385         234           4        2526        6.56       10.79          19       210.5 
    81 Kentucky                      12 5-7                 397         218          16        2512        6.33       11.52          10       209.3 
    82 Penn St.                      12 7-5                 362         193           5        2507        6.93       12.99          18       208.9 
    83 La.-Lafayette                 12 4-8                 387         226          12        2502        6.47       11.07          13       208.5 
       Miami (OH)                    12 3-9                 374         177          19        2502        6.69       14.14          18       208.5 
    85 La.-Monroe                    13 2-11                477         256          19        2703        5.67       10.56          25       207.9 
    86 South Carolina                12 3-9                 351         191          12        2490        7.09       13.04          17       207.5 
    87 Rutgers                       12 4-8                 337         203          12        2485        7.37       12.24          19       207.1 
    88 Utah St.                      12 6-6                 358         201           9        2435        6.80       12.11          18       202.9 
    89 Appalachian St.               12 10-2                271         167           8        2422        8.94       14.50          31       201.8 
    90 Iowa                          13 12-1                336         206           4        2623        7.81       12.73          15       201.8 
    91 Tulane                        12 3-9                 403         205          10        2415        5.99       11.78          18       201.3 
    92 South Ala.                    12 5-7                 352         184          16        2394        6.80       13.01          15       199.5 
    93 Tennessee                     12 8-4                 341         204           5        2388        7.00       11.71          17       199.0 
    94 UTEP                          12 5-7                 387         214          10        2346        6.06       10.96          18       195.5 
    95 Pittsburgh                    12 8-4                 322         199           6        2341        7.27       11.76          20       195.1 
    96 UConn                         12 6-6                 325         191           9        2326        7.16       12.18          10       193.8 
       Akron                         12 7-5                 340         169          11        2326        6.84       13.76          17       193.8 
    98 UTSA                          12 3-9                 360         211          11        2321        6.45       11.00          17       193.4 
    99 Hawaii                        13 3-10                422         202          21        2501        5.93       12.38          12       192.4 
   100 Utah                          12 9-3                 336         215          11        2269        6.75       10.55          15       189.1 
   101 Wyoming                       12 2-10                308         183          11        2247        7.30       12.28          20       187.3 
   102 UCF                           12 0-12                425         211          23        2246        5.28       10.64          13       187.2 
   103 Georgia                       12 9-3                 304         187           8        2245        7.38       12.01          12       187.1 
   104 Ohio St.                      12 11-1                294         185           8        2244        7.63       12.13          18       187.0 
   105 South Fla.                    12 8-4                 267         164           9        2229        8.35       13.59          24       185.8 
   106 Fresno St.                    12 3-9                 403         202          16        2140        5.31       10.59          20       178.3 
   107 Kansas St.                    12 6-6                 320         150          12        2125        6.64       14.17          13       177.1 
   108 Auburn                        12 6-6                 290         169           9        2107        7.27       12.47          10       175.6 
   109 Maryland                      12 3-9                 388         183          29        2092        5.39       11.43          15       174.3 
   110 LSU                           11 8-3                 255         135           5        1904        7.47       14.10          12       173.1 
   111 Nevada                        12 6-6                 318         180           7        2065        6.49       11.47          15       172.1 
   112 Vanderbilt                    12 4-8                 376         192          16        2062        5.48       10.74          11       171.8 
   113 Missouri                      12 5-7                 373         186          12        1986        5.32       10.68          10       165.5 
   114 North Texas                   12 1-11                407         190          11        1937        4.76       10.19          12       161.4 
   115 Oregon St.                    12 2-10                343         161          11        1909        5.57       11.86          10       159.1 
   116 Syracuse                      12 4-8                 306         164           9        1881        6.15       11.47          19       156.8 
   117 Texas                         12 5-7                 252         139           6        1751        6.95       12.60           9       145.9 
   118 San Diego St.                 13 10-3                240         132           3        1859        7.75       14.08          15       143.0 
   119 Northwestern                  12 10-2                319         160           9        1672        5.24       10.45           8       139.3 
   120 Kent St.                      12 3-9                 343         175          10        1657        4.83        9.47           9       138.1 
   121 New Mexico                    12 7-5                 208         108          11        1579        7.59       14.62           5       131.6 
   122 Air Force                     13 8-5                 155          80          11        1698       10.95       21.23          13       130.6 
   123 Georgia Tech                  12 3-9                 192          81          10        1462        7.61       18.05          14       121.8 
   124 Boston College                12 3-9                 249         111           9        1334        5.36       12.02           8       111.2 
   125 Navy                          11 9-2                  90          48           2         994       11.04       20.71           7        90.4 
   126 Army West Point               11 2-9                  90          40           7         920       10.22       23.00           9        83.6 
   127 Ga. Southern                  12 8-4                 129          55          10         742        5.75       13.49           3        61.8 
Reclassifying
    NR Charlotte                     12 2-10                375         196          23        2089        5.57       10.66          12       174.1 
