Scoring Defense
Through Games 12/05/2015
  Rank Name                           G W-L                 TDs      Opp XP         2PT     Opp DXP     Opp FGM     Opp Saf         Pts         Avg 
     1 Wisconsin                     12 9-3                  19          19           0           0           8           0         157        13.1 
     2 Ohio St.                      12 11-1                 20          18           0           0          10           0         168        14.0 
     3 Alabama                       13 12-1                 21          17           1           0          14           0         187        14.4 
     4 Boston College                12 3-9                  19          18           0           0          17           0         183        15.3 
     5 Florida St.                   12 10-2                 21          19           0           0          14           1         189        15.8 
     6 Missouri                      12 5-7                  22          20           0           0          14           0         194        16.2 
     7 Northwestern                  12 10-2                 24          21           0           0          10           1         197        16.4 
     8 Florida                       13 10-3                 25          24           0           0          13           1         215        16.5 
     9 Georgia                       12 9-3                  24          21           1           0          12           0         203        16.9 
    10 San Diego St.                 13 10-3                 28          28           0           0           9           0         223        17.2 
    11 Michigan                      12 9-3                  23          21           1           0          15           0         206        17.2 
    12 Washington                    12 6-6                  24          21           0           0          16           0         213        17.8 
    13 Appalachian St.               12 10-2                 26          24           0           0          13           0         219        18.3 
    14 Marshall                      12 9-3                  27          24           1           0          11           0         221        18.4 
    15 Iowa                          13 12-1                 26          25           1           0          19           0         240        18.5 
    16 Temple                        13 10-3                 27          25           0           0          20           1         249        19.2 
    17 UConn                         12 6-6                  28          26           0           0          13           2         237        19.8 
    18 Clemson                       13 13-0                 33          27           1           0          12           0         263        20.2 
    19 Michigan St.                  13 12-1                 34          29           0           0          11           0         266        20.5 
       Houston                       13 12-1                 33          31           2           0          11           0         266        20.5 
    21 Oklahoma                      12 11-1                 30          27           0           0          14           0         249        20.8 
    22 Vanderbilt                    12 4-8                  26          25           0           0          23           1         252        21.0 
    23 South Fla.                    12 8-4                  29          28           0           0          17           0         253        21.1 
    24 Toledo                        11 9-2                  27          24           1           0          14           1         232        21.1 
    25 Tennessee                     12 8-4                  32          30           1           0          10           0         254        21.2 
    26 Boise St.                     12 8-4                  32          31           0           0          11           0         256        21.3 
    27 Akron                         12 7-5                  34          33           0           0           7           0         258        21.5 
    28 Texas A&M                     12 8-4                  29          28           0           0          19           0         259        21.6 
    29 Penn St.                      12 7-5                  34          32           0           0           8           0         260        21.7 
    30 Navy                          11 9-2                  30          28           2           0           9           0         239        21.7 
    31 Utah                          12 9-3                  31          29           0           0          15           1         262        21.8 
       BYU                           12 9-3                  33          31           0           0          11           0         262        21.8 
    33 Central Mich.                 12 7-5                  35          31           0           0           8           0         265        22.1 
    34 Notre Dame                    12 10-2                 35          30           1           0           9           0         269        22.4 
    35 North Carolina                13 11-2                 37          34           1           0          12           0         294        22.6 
    36 Ole Miss                      12 9-3                  31          26           1           0          20           0         274        22.8 
       Mississippi St.               12 8-4                  30          29           1           0          21           0         274        22.8 
    38 Stanford                      13 11-2                 34          28           1           0          22           0         300        23.1 
    39 West Virginia                 12 7-5                  32          29           0           0          19           0         278        23.2 
    40 Air Force                     13 8-5                  38          35           0           0          13           0         302        23.2 
    41 Illinois                      12 5-7                  34          29           1           0          14           1         279        23.3 
       Ga. Southern                  12 8-4                  35          28           1           0          13           0         279        23.3 
    43 North Carolina St.            12 7-5                  36          31           1           0          12           0         285        23.8 
    44 LSU                           11 8-3                  34          31           1           0           9           0         264        24.0 
    45 Duke                          12 7-5                  37          32           1           0          11           0         289        24.1 
    46 Southern Miss.                13 9-4                  37          34           1           0          18           1         314        24.2 
    47 Virginia Tech                 12 6-6                  35          33           1           0          15           0         290        24.2 
    48 Louisville                    12 7-5                  36          35           0           0          13           1         292        24.3 
    49 Pittsburgh                    12 8-4                  32          31           0           0          24           0         295        24.6 
       Wake Forest                   12 3-9                  37          35           1           0          12           0         295        24.6 
    51 Ohio                          12 8-4                  37          35           1           0          13           0         298        24.8 
    52 Middle Tenn.                  12 7-5                  38          36           1           0          11           1         301        25.1 
       UCLA                          12 8-4                  34          29           2           0          20           2         301        25.1 
    54 Western Ky.                   13 11-2                 43          40           0           0          10           0         328        25.2 
    55 Northern Ill.                 13 8-5                  38          33           0           0          23           1         332        25.5 
    56 Georgia Tech                  12 3-9                  38          32           1           0          15           1         309        25.8 
    57 Southern California           13 8-5                  42          40           0           0          15           0         337        25.9 
    58 East Carolina                 12 5-7                  39          37           0           0          13           1         312        26.0 
    59 Minnesota                     12 5-7                  38          35           1           0          16           0         313        26.1 
       Kent St.                      12 3-9                  40          35           1           0          12           0         313        26.1 
       TCU                           12 10-2                 40          40           0           0          11           0         313        26.1 
    62 Bowling Green                 13 10-3                 42          41           0           0          18           0         347        26.7 
    63 Louisiana Tech                12 8-4                  39          33           2           0          16           1         321        26.8 
    64 New Mexico                    12 7-5                  39          37           1           0          17           0         324        27.0 
       Utah St.                      12 6-6                  43          37           1           0           9           0         324        27.0 
       Memphis                       12 9-3                  42          39           0           0          11           0         324        27.0 
    67 Nevada                        12 6-6                  40          36           1           0          16           0         326        27.2 
       Colorado St.                  12 7-5                  39          38           0           0          18           0         326        27.2 
    69 Auburn                        12 6-6                  38          36           2           0          20           0         328        27.3 
    70 Kentucky                      12 5-7                  41          37           2           0          14           0         329        27.4 
    71 Colorado                      13 4-9                  44          43           1           0          16           0         357        27.5 
    72 Baylor                        12 9-3                  44          42           0           0           8           0         330        27.5 
       South Carolina                12 3-9                  42          40           0           1          12           0         330        27.5 
    74 Buffalo                       12 5-7                  43          42           0           0           9           2         331        27.6 
    75 Arkansas                      12 7-5                  42          38           2           0          13           0         333        27.8 
       Nebraska                      12 5-7                  41          37           1           0          16           0         333        27.8 
    77 Western Mich.                 12 7-5                  45          39           0           0           8           2         337        28.1 
    78 San Jose St.                  12 5-7                  44          39           0           0          11           1         338        28.2 
    79 Troy                          12 4-8                  43          43           0           0          12           1         339        28.3 
    80 Georgia St.                   12 6-6                  41          35           0           0          20           0         341        28.4 
    81 Army West Point               11 2-9                  37          31           2           0          18           1         313        28.5 
    82 Fla. Atlantic                 12 3-9                  44          41           0           0          12           2         345        28.8 
    83 Miami (FL)                    12 8-4                  41          34           4           0          18           2         346        28.8 
       Washington St.                12 8-4                  43          35           4           0          15           0         346        28.8 
       Arkansas St.                  12 9-3                  47          43           0           0           7           0         346        28.8 
    86 Oklahoma St.                  12 10-2                 45          39           2           0          11           1         348        29.0 
    87 FIU                           12 5-7                  47          44           0           0          10           1         358        29.8 
    88 California                    12 7-5                  43          40           1           0          21           0         363        30.3 
       Cincinnati                    12 7-5                  45          41           1           0          16           1         363        30.3 
    90 Kansas St.                    12 6-6                  46          41           1           0          15           0         364        30.3 
       Texas                         12 5-7                  46          44           0           0          14           1         364        30.3 
    92 Syracuse                      12 4-8                  46          45           0           0          17           0         372        31.0 
    93 Massachusetts                 12 3-9                  45          43           0           1          20           1         377        31.4 
    94 La.-Lafayette                 12 4-8                  49          45           1           0          13           1         382        31.8 
    95 Miami (OH)                    12 3-9                  48          45           0           0          17           0         384        32.0 
    96 Virginia                      12 4-8                  45          42           1           0          22           3         386        32.2 
    97 Iowa St.                      12 3-9                  51          50           0           0          12           0         392        32.7 
       Arizona St.                   12 6-6                  50          45           1           0          15           0         392        32.7 
    99 UTEP                          12 5-7                  51          48           0           0          13           1         395        32.9 
   100 UNLV                          12 3-9                  53          49           2           0          11           0         404        33.7 
   101 UTSA                          12 3-9                  50          47           0           1          18           1         405        33.8 
   102 Wyoming                       12 2-10                 53          51           0           0          13           0         408        34.0 
   103 Maryland                      12 3-9                  53          51           1           0          14           0         413        34.4 
   104 Rutgers                       12 4-8                  55          51           1           0          12           0         419        34.9 
   105 Hawaii                        13 3-10                 59          58           0           0          17           0         463        35.6 
   106 Arizona                       12 6-6                  55          53           0           0          15           0         428        35.7 
   107 Old Dominion                  12 5-7                  54          51           0           0          18           0         429        35.8 
   108 Rice                          12 5-7                  59          55           0           0           7           0         430        35.8 
       Ball St.                      12 3-9                  56          52           0           0          14           0         430        35.8 
   110 Tulane                        12 3-9                  57          57           0           0          10           3         435        36.3 
   111 Purdue                        12 2-10                 57          52           1           0          14           0         438        36.5 
   112 La.-Monroe                    13 2-11                 61          57           1           0          16           1         475        36.5 
   113 Oregon                        12 9-3                  57          55           1           0          14           0         441        36.8 
   114 Oregon St.                    12 2-10                 57          55           1           0          15           0         444        37.0 
   115 Indiana                       12 6-6                  60          49           3           0          10           0         445        37.1 
   116 South Ala.                    12 5-7                  58          51           2           0          14           1         447        37.3 
   117 UCF                           12 0-12                 57          51           2           0          17           2         452        37.7 
   118 Fresno St.                    12 3-9                  63          57           1           0           6           1         457        38.1 
   119 Tulsa                         12 6-6                  59          59           0           0          16           1         463        38.6 
   120 Texas St.                     12 3-9                  62          60           1           0          12           0         470        39.2 
   121 North Texas                   12 1-11                 66          63           0           0          12           0         495        41.3 
   122 Eastern Mich.                 12 1-11                 68          65           3           0           8           1         505        42.1 
       Idaho                         12 4-8                  66          65           0           0          14           1         505        42.1 
   124 Texas Tech                    12 7-5                  69          66           1           0           9           1         511        42.6 
   125 New Mexico St.                12 3-9                  71          67           2           0          13           2         540        45.0 
   126 SMU                           12 2-10                 75          72           1           0           8           0         548        45.7 
   127 Kansas                        12 0-12                 72          69           1           0          16           1         553        46.1 
Reclassifying
    NR Charlotte                     12 2-10                 55          49           1           0          18           0         435        36.3 
