Total Offense
Through Games 12/05/2015
  Rank Name                           G W-L               Plays         YDS    Yds/Play     Off TDs         TDs         YPG 
     1 Baylor                        12 9-3                1001        7255        7.25          78          44       604.6 
     2 Texas Tech                    12 7-5                1002        7134        7.12          69          69       594.5 
     3 TCU                           12 10-2                984        6772        6.88          60          40       564.3 
     4 Bowling Green                 13 10-3               1073        7293        6.80          77          42       561.0 
     5 Cincinnati                    12 7-5                 996        6713        6.74          53          45       559.4 
     6 Oregon                        12 9-3                 910        6578        7.23          62          57       548.2 
     7 Oklahoma                      12 11-1                937        6515        6.95          68          30       542.9 
     8 California                    12 7-5                 918        6293        6.86          53          43       524.4 
     9 Southern Miss.                13 9-4                 964        6758        7.01          67          37       519.8 
    10 Western Ky.                   13 11-2                940        6757        7.19          74          43       519.8 
    11 Ole Miss                      12 9-3                 880        6177        7.02          58          31       514.8 
    12 Clemson                       13 13-0               1032        6638        6.43          60          33       510.6 
    13 Memphis                       12 9-3                 960        6125        6.38          59          42       510.4 
    14 Tulsa                         12 6-6                1000        6033        6.03          51          59       502.8 
    15 Arizona                       12 6-6                 936        5931        6.34          52          55       494.3 
    16 Indiana                       12 6-6                 954        5889        6.17          49          60       490.8 
    17 Oklahoma St.                  12 10-2                902        5874        6.51          58          45       489.5 
    18 Boise St.                     12 8-4                 982        5866        5.97          53          32       488.8 
    19 North Carolina                13 11-2                864        6330        7.33          66          37       486.9 
       Houston                       13 12-1               1002        6330        6.32          63          33       486.9 
    21 Western Mich.                 12 7-5                 862        5771        6.69          52          45       480.9 
    22 Washington St.                12 8-4                 954        5723        6.00          47          43       476.9 
    23 Arizona St.                   12 6-6                 986        5686        5.77          45          50       473.8 
    24 UCLA                          12 8-4                 912        5671        6.22          45          34       472.6 
    25 Notre Dame                    12 10-2                794        5658        7.13          50          35       471.5 
    26 Appalachian St.               12 10-2                827        5648        6.83          54          26       470.7 
    27 Louisiana Tech                12 8-4                 836        5589        6.69          50          39       465.8 
    28 West Virginia                 12 7-5                 967        5560        5.75          46          32       463.3 
    29 Toledo                        11 9-2                 841        5096        6.06          46          27       463.3 
    30 Middle Tenn.                  12 7-5                 939        5504        5.86          50          38       458.7 
    31 Arkansas                      12 7-5                 818        5482        6.70          56          42       456.8 
    32 Air Force                     13 8-5                 918        5881        6.41          55          38       452.4 
    33 Mississippi St.               12 8-4                 850        5417        6.37          47          30       451.4 
    34 Georgia St.                   12 6-6                 854        5396        6.32          41          41       449.7 
    35 Southern California           13 8-5                 929        5845        6.29          53          42       449.6 
    36 Arkansas St.                  12 9-3                 905        5377        5.94          56          47       448.1 
    37 Nebraska                      12 5-7                 873        5310        6.08          46          41       442.5 
    38 Stanford                      13 11-2                873        5668        6.49          59          34       436.0 
    39 New Mexico St.                12 3-9                 896        5200        5.80          42          71       433.3 
    40 Duke                          12 7-5                 947        5176        5.47          39          37       431.3 
    41 Ohio St.                      12 11-1                807        5147        6.38          53          20       428.9 
    42 South Fla.                    12 8-4                 814        5144        6.32          49          29       428.7 
    43 Idaho                         12 4-8                 930        5141        5.53          40          66       428.4 
    44 BYU                           12 9-3                 836        5136        6.14          50          33       428.0 
    45 Northern Ill.                 13 8-5                 996        5546        5.57          53          38       426.6 
    46 Florida St.                   12 10-2                773        5099        6.60          46          21       424.9 
    47 Ohio                          12 8-4                 885        5098        5.76          39          37       424.8 
    48 Texas A&M                     12 8-4                 900        5076        5.64          35          29       423.0 
    49 Alabama                       13 12-1                951        5493        5.78          46          21       422.5 
    50 Tennessee                     12 8-4                 905        5070        5.60          44          32       422.5 
    51 Navy                          11 9-2                 726        4625        6.37          53          30       420.5 
    52 LSU                           11 8-3                 721        4609        6.39          41          34       419.0 
    53 Ga. Southern                  12 8-4                 789        5009        6.35          50          35       417.4 
    54 Colorado St.                  12 7-5                 842        5004        5.94          42          39       417.0 
    55 Texas St.                     12 3-9                 901        5000        5.55          39          62       416.7 
    56 East Carolina                 12 5-7                 877        4975        5.67          40          39       414.6 
    57 San Jose St.                  12 5-7                 849        4974        5.86          43          44       414.5 
    58 Central Mich.                 12 7-5                 857        4973        5.80          39          35       414.4 
    59 North Carolina St.            12 7-5                 874        4943        5.66          52          36       411.9 
    60 Iowa St.                      12 3-9                 909        4900        5.39          36          51       408.3 
    61 Louisville                    12 7-5                 828        4875        5.89          40          36       406.3 
    62 UNLV                          12 3-9                 865        4861        5.62          41          53       405.1 
    63 Rice                          12 5-7                 906        4822        5.32          41          59       401.8 
    64 Miami (FL)                    12 8-4                 811        4817        5.94          36          41       401.4 
    65 Marshall                      12 9-3                 890        4816        5.41          43          27       401.3 
    66 Massachusetts                 12 3-9                 887        4797        5.41          33          45       399.8 
    67 Colorado                      13 4-9                1008        5159        5.12          36          44       396.8 
    68 Michigan St.                  13 12-1                927        5158        5.56          50          34       396.8 
    69 Iowa                          13 12-1                866        5119        5.91          50          26       393.8 
    70 Washington                    12 6-6                 795        4660        5.86          39          24       388.3 
    71 Michigan                      12 9-3                 829        4644        5.60          43          23       387.0 
    72 Buffalo                       12 5-7                 880        4637        5.27          33          43       386.4 
    73 Virginia                      12 4-8                 837        4596        5.49          34          45       383.0 
    74 SMU                           12 2-10                869        4594        5.29          42          75       382.8 
    75 Georgia                       12 9-3                 749        4577        6.11          33          24       381.4 
    76 Pittsburgh                    12 8-4                 810        4572        5.64          38          32       381.0 
    77 La.-Lafayette                 12 4-8                 837        4565        5.45          38          49       380.4 
    78 Eastern Mich.                 12 1-11                830        4560        5.49          38          68       380.0 
    79 San Diego St.                 13 10-3                863        4918        5.70          45          28       378.3 
    80 New Mexico                    12 7-5                 777        4538        5.84          43          39       378.2 
    81 Georgia Tech                  12 3-9                 775        4536        5.85          44          38       378.0 
    82 Fla. Atlantic                 12 3-9                 891        4534        5.09          27          44       377.8 
    83 Nevada                        12 6-6                 834        4532        5.43          37          40       377.7 
    84 Wisconsin                     12 9-3                 856        4528        5.29          39          19       377.3 
    85 Rutgers                       12 4-8                 806        4524        5.61          36          55       377.0 
    86 Utah                          12 9-3                 860        4522        5.26          36          31       376.8 
    87 Maryland                      12 3-9                 829        4500        5.43          35          53       375.0 
    88 Illinois                      12 5-7                 907        4472        4.93          29          34       372.7 
    89 Kentucky                      12 5-7                 816        4464        5.47          32          41       372.0 
    90 Ball St.                      12 3-9                 896        4459        4.98          32          56       371.6 
    91 Old Dominion                  12 5-7                 834        4455        5.34          36          54       371.3 
    92 Utah St.                      12 6-6                 810        4450        5.49          40          43       370.8 
    93 Texas                         12 5-7                 781        4449        5.70          36          46       370.8 
    94 Temple                        13 10-3                881        4799        5.45          44          27       369.2 
    95 Purdue                        12 2-10                921        4423        4.80          40          57       368.6 
    96 Auburn                        12 6-6                 821        4408        5.37          35          38       367.3 
       Virginia Tech                 12 6-6                 858        4408        5.14          37          35       367.3 
    98 Akron                         12 7-5                 833        4360        5.23          36          34       363.3 
    99 UTSA                          12 3-9                 870        4347        5.00          33          50       362.3 
   100 South Carolina                12 3-9                 774        4346        5.61          28          42       362.2 
   101 Wyoming                       12 2-10                786        4328        5.51          32          53       360.7 
   102 South Ala.                    12 5-7                 833        4322        5.19          33          58       360.2 
   103 Troy                          12 4-8                 799        4319        5.41          35          43       359.9 
   104 Minnesota                     12 5-7                 804        4285        5.33          30          38       357.1 
   105 FIU                           12 5-7                 825        4173        5.06          37          47       347.8 
   106 Penn St.                      12 7-5                 755        4131        5.47          33          34       344.3 
   107 UTEP                          12 5-7                 834        4107        4.92          26          51       342.3 
   108 Kansas St.                    12 6-6                 829        4096        4.94          41          46       341.3 
   109 Florida                       13 10-3                863        4403        5.10          38          25       338.7 
   110 Miami (OH)                    12 3-9                 802        4058        5.06          25          48       338.2 
   111 Army West Point               11 2-9                 662        3714        5.61          32          37       337.6 
   112 Oregon St.                    12 2-10                789        4037        5.12          25          57       336.4 
   113 Wake Forest                   12 3-9                 834        4001        4.80          25          37       333.4 
   114 Northwestern                  12 10-2                882        3991        4.52          23          24       332.6 
   115 Kansas                        12 0-12                897        3978        4.43          22          72       331.5 
   116 Vanderbilt                    12 4-8                 871        3918        4.50          20          26       326.5 
   117 North Texas                   12 1-11                843        3841        4.56          19          66       320.1 
   118 Syracuse                      12 4-8                 751        3839        5.11          34          46       319.9 
   119 UConn                         12 6-6                 769        3821        4.97          23          28       318.4 
   120 Tulane                        12 3-9                 800        3804        4.76          29          57       317.0 
   121 Hawaii                        13 3-10                847        4112        4.85          27          59       316.3 
   122 Fresno St.                    12 3-9                 826        3782        4.58          34          63       315.2 
   123 La.-Monroe                    13 2-11                902        4041        4.48          32          61       310.8 
   124 Missouri                      12 5-7                 770        3371        4.38          15          22       280.9 
   125 Boston College                12 3-9                 751        3307        4.40          25          19       275.6 
   126 Kent St.                      12 3-9                 790        3250        4.11          15          40       270.8 
   127 UCF                           12 0-12                781        3221        4.12          17          57       268.4 
Reclassifying
    NR Charlotte                     12 2-10                937        4046        4.32          21          55       337.2 
