Team Passing Efficiency
Through Games 12/05/2015
  Rank Name                           G W-L            Pass Att    Pass Com         Int    Pass Yds     Pass TD    Pass Eff 
     1 Western Ky.                   13 11-2                508         366           7        4750          47      178.37 
     2 Baylor                        12 9-3                 371         219          12        3653          44      174.41 
     3 Oklahoma                      12 11-1                396         266           7        3695          37      172.85 
     4 Stanford                      13 11-2                297         201           7        2742          27      170.51 
     5 Appalachian St.               12 10-2                271         167           8        2422          31      168.54 
     6 Navy                          11 9-2                  90          48           2         994           7      167.33 
     7 Memphis                       12 9-3                 428         295           4        3891          30      166.55 
     8 Oregon                        12 9-3                 340         216          10        3125          32      165.91 
     9 Arkansas                      12 7-5                 348         226           7        3171          30      165.91 
    10 Bowling Green                 13 10-3                560         383           8        4889          44      164.80 
    11 Western Mich.                 12 7-5                 377         254           8        3405          28      163.51 
    12 North Carolina                13 11-2                373         239           9        3432          28      161.31 
    13 Oklahoma St.                  12 10-2                472         298          10        4288          35      159.68 
    14 Air Force                     13 8-5                 155          80          11        1698          13      157.12 
    15 TCU                           12 10-2                470         296          14        4146          37      157.10 
    16 Southern Miss.                13 9-4                 492         312          12        4263          38      156.81 
    17 Southern California           13 8-5                 430         291           6        3555          29      156.59 
    18 Ole Miss                      12 9-3                 454         296          13        4004          31      156.09 
    19 Clemson                       13 13-0                449         309          13        3750          30      155.23 
    20 California                    12 7-5                 513         327          14        4425          38      155.19 
    21 South Fla.                    12 8-4                 267         164           9        2229          24      154.47 
    22 Mississippi St.               12 8-4                 458         306           4        3733          29      154.43 
    23 Notre Dame                    12 10-2                347         219           9        3080          23      154.36 
    24 Georgia St.                   12 6-6                 467         294          11        4159          26      151.43 
    25 Houston                       13 12-1                386         257           6        3216          20      150.56 
    26 Middle Tenn.                  12 7-5                 462         308           9        3725          28      150.50 
    27 Texas Tech                    12 7-5                 564         361          14        4676          35      149.16 
    28 Tulsa                         12 6-6                 448         278           8        3958          22      148.90 
    29 Central Mich.                 12 7-5                 465         311          10        3760          25      148.25 
    30 Army West Point               11 2-9                  90          40           7         920           9      147.76 
    31 Cincinnati                    12 7-5                 516         322          19        4477          29      146.47 
    32 Louisiana Tech                12 8-4                 441         271          11        3743          25      146.47 
    33 Florida St.                   12 10-2                371         241           5        2928          20      146.35 
    34 Indiana                       12 6-6                 409         241           6        3431          24      145.82 
    35 San Jose St.                  12 5-7                 372         254          11        2793          20      143.18 
    36 Washington St.                12 8-4                 685         471          12        4764          39      142.46 
    37 BYU                           12 9-3                 448         277           9        3539          24      141.85 
    38 Ohio St.                      12 11-1                294         185           8        2244          18      141.80 
    39 Pittsburgh                    12 8-4                 322         199           6        2341          20      139.64 
    40 Iowa                          13 12-1                336         206           4        2623          15      139.24 
    41 Michigan St.                  13 12-1                401         225           6        3069          26      138.80 
    42 Miami (FL)                    12 8-4                 417         251           7        3383          17      138.43 
    43 San Diego St.                 13 10-3                240         132           3        1859          15      138.19 
    44 Colorado St.                  12 7-5                 350         211          15        2655          24      138.06 
    45 Northern Ill.                 13 8-5                 383         233          10        2880          22      137.73 
    46 East Carolina                 12 5-7                 473         321          12        3375          21      137.38 
    47 Alabama                       13 12-1                390         260          10        2786          18      136.78 
    48 Washington                    12 6-6                 362         222          11        2826          17      136.32 
    49 Boise St.                     12 8-4                 485         305          11        3655          21      135.94 
    50 Arkansas St.                  12 9-3                 336         192          13        2547          23      135.67 
    51 Wyoming                       12 2-10                308         183          11        2247          20      134.98 
    52 Arizona St.                   12 6-6                 482         291           9        3469          26      134.90 
    53 Arizona                       12 6-6                 442         260           9        3219          25      134.59 
    54 Ohio                          12 8-4                 374         225          11        2854          18      134.26 
    55 Michigan                      12 9-3                 384         238          10        2812          18      133.75 
    56 Rutgers                       12 4-8                 337         203          12        2485          19      133.66 
    57 Tennessee                     12 8-4                 341         204           5        2388          17      132.17 
    58 Virginia Tech                 12 6-6                 356         200          13        2592          23      131.36 
    59 Georgia                       12 9-3                 304         187           8        2245          12      131.31 
    60 Florida                       13 10-3                380         219           8        2744          19      130.58 
    61 Rice                          12 5-7                 373         212           9        2691          20      130.31 
    62 North Carolina St.            12 7-5                 385         234           4        2526          19      130.10 
    63 FIU                           12 5-7                 440         274           8        2854          22      129.62 
    64 Louisville                    12 7-5                 383         215          15        2959          19      129.57 
    65 Temple                        13 10-3                397         227           7        2802          20      129.56 
    66 Toledo                        11 9-2                 382         211          10        2751          22      129.50 
    67 UCLA                          12 8-4                 469         274          11        3430          20      129.24 
    68 Troy                          12 4-8                 418         250          11        2890          21      129.20 
    69 Utah                          12 9-3                 336         215          11        2269          15      128.90 
    70 Nebraska                      12 5-7                 439         244          21        3296          26      128.63 
    71 Idaho                         12 4-8                 472         297          15        3375          17      128.52 
    72 SMU                           12 2-10                366         203           8        2620          19      128.36 
    73 LSU                           11 8-3                 255         135           5        1904          12      127.27 
    74 Virginia                      12 4-8                 413         252          18        2859          21      127.23 
    75 West Virginia                 12 7-5                 378         204          13        2737          21      126.25 
    76 Texas A&M                     12 8-4                 434         245          14        3016          23      125.86 
    77 Penn St.                      12 7-5                 362         193           5        2507          18      125.13 
    78 Utah St.                      12 6-6                 358         201           9        2435          18      124.84 
    79 Marshall                      12 9-3                 435         252          12        2791          24      124.52 
    80 Auburn                        12 6-6                 290         169           9        2107          10      124.48 
    81 UNLV                          12 3-9                 365         196          13        2537          21      123.95 
    82 Wisconsin                     12 9-3                 390         234          13        2751          13      123.59 
    83 UConn                         12 6-6                 325         191           9        2326          10      123.50 
    84 Eastern Mich.                 12 1-11                409         249          14        2666          18      123.31 
    85 South Carolina                12 3-9                 351         191          12        2490          17      123.15 
    86 Duke                          12 7-5                 469         277           7        3041          17      122.50 
    87 Nevada                        12 6-6                 318         180           7        2065          15      122.31 
    88 UTSA                          12 3-9                 360         211          11        2321          17      122.24 
    89 New Mexico St.                12 3-9                 453         241          14        3034          26      122.22 
    90 Buffalo                       12 5-7                 455         283          16        2994          16      122.04 
    91 Colorado                      13 4-9                 466         286          12        3128          13      121.81 
    92 Iowa St.                      12 3-9                 411         237          12        2716          18      121.79 
    93 Texas                         12 5-7                 252         139           6        1751           9      120.55 
    94 Syracuse                      12 4-8                 306         164           9        1881          19      119.84 
    95 Georgia Tech                  12 3-9                 192          81          10        1462          14      119.80 
    96 Minnesota                     12 5-7                 397         227          10        2570          14      118.16 
    97 La.-Lafayette                 12 4-8                 387         226          12        2502          13      117.59 
    98 Texas St.                     12 3-9                 431         249          12        2752          15      117.32 
    99 Akron                         12 7-5                 340         169          11        2326          17      117.20 
   100 Old Dominion                  12 5-7                 433         235           9        2634          20      116.46 
   101 UTEP                          12 5-7                 387         214          10        2346          18      116.40 
   102 Massachusetts                 12 3-9                 495         281          13        3090          18      115.95 
   103 South Ala.                    12 5-7                 352         184          16        2394          15      114.37 
   104 Ball St.                      12 3-9                 459         263           9        2619          17      113.53 
   105 Wake Forest                   12 3-9                 417         236          18        2739          13      113.42 
   106 New Mexico                    12 7-5                 208         108          11        1579           5      113.05 
   107 Tulane                        12 3-9                 403         205          10        2415          18      110.98 
   108 Fla. Atlantic                 12 3-9                 394         206          12        2557          12      110.76 
   109 La.-Monroe                    13 2-11                477         256          19        2703          25      110.60 
   110 Purdue                        12 2-10                504         290          16        2847          18      110.43 
   111 Illinois                      12 5-7                 519         285           8        2921          16      109.28 
   112 Miami (OH)                    12 3-9                 374         177          19        2502          18      109.24 
   113 Kansas St.                    12 6-6                 320         150          12        2125          13      108.56 
   114 Kentucky                      12 5-7                 397         218          16        2512          10      108.31 
   115 Kansas                        12 0-12                452         243          14        2623          12      105.07 
   116 Fresno St.                    12 3-9                 403         202          16        2140          20      103.17 
   117 Vanderbilt                    12 4-8                 376         192          16        2062          11       98.27 
   118 Hawaii                        13 3-10                422         202          21        2501          12       97.08 
   119 Missouri                      12 5-7                 373         186          12        1986          10       97.00 
   120 Oregon St.                    12 2-10                343         161          11        1909          10       96.90 
   121 Northwestern                  12 10-2                319         160           9        1672           8       96.82 
   122 Kent St.                      12 3-9                 343         175          10        1657           9       94.43 
   123 UCF                           12 0-12                425         211          23        2246          13       93.31 
   124 Boston College                12 3-9                 249         111           9        1334           8       92.95 
   125 North Texas                   12 1-11                407         190          11        1937          12       90.98 
   126 Maryland                      12 3-9                 388         183          29        2092          15       90.26 
   127 Ga. Southern                  12 8-4                 129          55          10         742           3       83.12 
Reclassifying
    NR Charlotte                     12 2-10                375         196          23        2089          12       97.35 
